BG 018 020 021 023 025 026 027 032 035 039 041 042 043 045 046 047 048 049 050 052 053 054 056 060 062 064 065 066 067 069 070 071 072 073 075 077 078 079 080 082 083 085 087 088 089 091 092 093 094 096 097 098 099 101 102 103 104 105 107 111 112 113 114
CH 001 002 003 004 005 006 007 008 009 010 011 012 013 014 015 016 017 018 019 020 021 022 023 024 025 026 027 033 034 035 036 037 038 045 046 047 048 049 050 051 052 053 054 055 056 057 058 059 060 061 062 063 064 065 066 067 068 069 070 071 072 073 074 075 076 077 078 079 090 091 092 093 094 095 096 097 098 099 100 101 102 103 104 105 106 107 108 109 110 111 112 113 114 115 116 117 118 119 120 121 122 123 124 125 126 127 128 129 130 131 132
CR 001 002 003 004 005 006 007 008 009 010 011 012 013 014 015 016 017 018 019 020 022 023 024 025 026 027 028 029 030 031 032 049 050 052 055 056 058 059 060 061 062 063 064 065 066 067 068 069 070 071 072 073 074 075 076 077 078 079 080 081 082 083 084 085 086 087 088 089 090 092 093 094
CZ 001 002 003 004 005 006 007 008 009 010 011 012 013 014 015 016 017 018 019 020 021 022 023 024 025 026 027 028 029 030 031 032 033 034 035 036 037 038 039 040 041 042 043 044 045 046 047 048 049 050 051 052 053 054 055 056 057 058 059 060 061 062 063 064 065 066 067 068 069 070 071 072 073 074 075 076 077 078 079 080 081 082
FR 001 002 003 004 005 006 007 008 009 010 011 012 013 014 015 016 017 018 019 020 021 022 023 024 025 026 027 028 029 030 031 032 033 034 035 036 037 038 039 040 041 042 043 044 045 046 047 048 049 050 051 052 053 054 055 056 057 058 059 060 061 062 063 064 065 066 067 068 069 070 071 072 073 074 075 076 077 078 079 080 081 090 099 100
GE 005 006 007 009 011 012 013 014 015 016 017 019 022 023 024 025 027 028 030 031 032 033 034 035 036 037 038 039 040 041 042 043 044 045 046 047 048 049 050 051 052 053 054 055 056 057 058 059 060 061 062 063 064 065 066 067 068 069 070 071 072 074 075 076 077
HA 001 003 004 005 006 007 008 009 010 011 012 013 015 016 017 019 020 021 022 023 024 026 027 029 032 033 035 036 037 039 040 041 042 043 044 045 048 049 051 054 056 057 059 060 061 063 064 065 066 067 068 069 071 073 074 075 076 077 078 079 080 081 082 083 084 085 086 087 089 090 091 092 093 094 095 096 097 098 099 100 101 102 103
KO 001 002 003 004 005 007 008 009 010 011 013 014 015 016 017 018 020 021 022 023 024 026 027 028 030 031 033 034 035 036 037 038 039 041 043 044 046 047 048 049 050 052 053 054 055 056 057 058 059 060 062 063 065 066 067 068 070 071 072 073 074 075 076 077 078 079 081 083 085 087 089 090 092 093 094 095 096 097 099 100
PL 002 003 006 007 008 010 013 014 015 016 017 018 019 020 021 022 024 025 026 028 029 032 034 035 036 037 038 039 042 045 047 048 049 051 052 053 054 055 056 057 058 059 060 061 062 064 065 066 067 068 069 070 071 072 073 074 075 076 077 078 079 080 081 082 083 084 085 086 087 088 089 091 092 093 094 095 096 099 100
PO 001 002 003 004 005 006 007 008 009 010 011 013 014 015 016 017 018 019 021 022 023 024 025 026 029 030 031 033 034 036 037 042 043 044 045 047 048 049 051 053 054 055 056 058 059 060 068 069 070 071 101 105 106 107 108 109 110 111 112 113 114 115 116 117 118 119 120 121 122 125 126 127 128 129 130 131 136 140 141 144 145 146 147 148 149 150 212
RU 001 003 004 006 007 008 012 013 014 015 016 017 018 019 020 021 022 023 024 025 026 028 029 030 031 032 034 035 037 038 039 040 041 043 044 045 046 047 048 049 050 051 052 053 054 055 056 057 058 059 060 061 062 064 066 067 068 070 071 072 073 074 075 076 077 079 080 081 082 083 084 085 086 087 088 089 090 091 093 094 095 096 098 099 100 101 105 114 115 116 117 119 120 121 123
SP 019 020 021 022 023 024 025 026 027 028 029 030 031 032 033 034 035 036 037 038 039 040 041 042 043 044 045 046 047 048 049 050 051 052 053 054 055 056 057 058 059 060 061 062 063 064 065 066 067 068 069 070 071 072 073 074 075 076 077 078 079 080 081 082 083 084 085 086 087 088 089 090 091 092 093 094 095 096 097 098 099 100
SW 001 002 003 004 005 006 007 008 009 010 011 012 013 014 015 016 017 018 019 020 021 022 023 024 025 026 027 028 029 030 031 032 033 034 035 036 037 038 039 050 051 052 053 054 055 056 057 058 059 070 071 072 074 075 076 077 078 079 080 081 082 083 084 085 086 087 088 089 090 091 092 093 094 095 096 097 098 099 100
TH 001 002 003 004 005 006 007 008 009 010 011 012 013 014 015 016 017 018 019 020 021 022 024 026 027 029 030 031 032 033 034 035 036 038 039 040 041 042 043 044 046 047 048 049 050 051 052 053 054 055 056 057 058 059 060 062 063 064 065 066 067 068 069 070 071 072 074 075 076 077 078 079 080 081 082 083 084 086 087 088 089 090
TU 004 007 009 010 011 012 017 018 020 021 022 023 024 026 027 028 029 033 034 035 036 038 040 042 043 044 045 047 048 049 050 051 052 053 054 055 057 058 059 060 061 062 064 065 066 067 068 069 070 071 072 073 074 075 076 077 078 079 080 081 082 083 084 085 086 087 088 089 090 091 092 093 094 095 096 097 098 099 100
VN 001 002 003 004 005 006 007 008 009 010 011 012 013 014 015 016 017 019 020 021 022 023 024 025 026 027 028 029 030 031 033 034 035 036 037 038 039 040 041 042 043 044 046 047 048 049 050 051 052 053 054 055 056 057 058 059 060 061 062 063 064 065 066 067 068 070 071 073 074 075 076 077 080 081 082 083 084 085 086 087 088 089 090 091 093 095 097 099 100 101 104 105 108 109 111 112 114 115 116 117 118 119 120 121 122 123 124 125 126 127 128
